Training Log - Features: 125, LR: 0.003, Batch: 128
Epoch      | Train Loss   | Val Loss     | Val Acc   
-------------------------------------------------------
1          | 1.8986       | 1.5202       | 0.4760    
2          | 1.6395       | 1.4436       | 0.5176    
3          | 1.5686       | 1.4067       | 0.5299    
4          | 1.5151       | 1.3827       | 0.5490    
5          | 1.4809       | 1.3590       | 0.5507    
6          | 1.4484       | 1.3406       | 0.5604    
7          | 1.4139       | 1.3170       | 0.5771    
8          | 1.3807       | 1.2965       | 0.5821    
9          | 1.3567       | 1.2784       | 0.5977    
10         | 1.3379       | 1.2653       | 0.5968    
11         | 1.3231       | 1.2586       | 0.6065    
12         | 1.3025       | 1.2281       | 0.6243    
13         | 1.2749       | 1.2165       | 0.6258    
14         | 1.2632       | 1.2173       | 0.6267    
15         | 1.2446       | 1.1969       | 0.6378    
16         | 1.2251       | 1.1888       | 0.6481    
17         | 1.2119       | 1.1711       | 0.6466    
18         | 1.1964       | 1.1599       | 0.6540    
19         | 1.1910       | 1.1576       | 0.6622    
20         | 1.1637       | 1.1386       | 0.6718    
21         | 1.1596       | 1.1306       | 0.6760    
22         | 1.1472       | 1.1336       | 0.6754    
23         | 1.1269       | 1.1106       | 0.6809    
24         | 1.1208       | 1.1354       | 0.6710    
25         | 1.1095       | 1.1111       | 0.6848    
26         | 1.1045       | 1.1063       | 0.6883    
27         | 1.0957       | 1.0929       | 0.6956    
28         | 1.0854       | 1.0858       | 0.6965    
29         | 1.0715       | 1.0729       | 0.7044    
30         | 1.0596       | 1.0867       | 0.6956    
31         | 1.0587       | 1.0846       | 0.6979    
32         | 1.0528       | 1.0630       | 0.7065    
33         | 1.0421       | 1.0610       | 0.7126    
34         | 1.0355       | 1.0577       | 0.7226    
35         | 1.0175       | 1.0497       | 0.7120    
36         | 1.0037       | 1.0337       | 0.7217    
37         | 0.9985       | 1.0412       | 0.7194    
38         | 0.9980       | 1.0487       | 0.7214    
39         | 0.9821       | 1.0466       | 0.7273    
40         | 0.9839       | 1.0432       | 0.7229    
41         | 0.9745       | 1.0369       | 0.7279    
42         | 0.9714       | 1.0259       | 0.7367    
43         | 0.9510       | 1.0194       | 0.7355    
44         | 0.9447       | 1.0174       | 0.7375    
45         | 0.9411       | 1.0220       | 0.7393    
46         | 0.9292       | 0.9992       | 0.7402    
47         | 0.9229       | 0.9913       | 0.7525    
48         | 0.9120       | 0.9867       | 0.7545    
49         | 0.9137       | 0.9931       | 0.7478    
50         | 0.9097       | 0.9798       | 0.7543    
51         | 0.8888       | 0.9776       | 0.7587    
52         | 0.8883       | 0.9858       | 0.7625    
53         | 0.8848       | 0.9837       | 0.7625    
54         | 0.8768       | 0.9805       | 0.7628    
55         | 0.8774       | 0.9850       | 0.7625    
56         | 0.8666       | 0.9697       | 0.7713    
57         | 0.8616       | 0.9584       | 0.7683    
58         | 0.8466       | 0.9782       | 0.7707    
59         | 0.8536       | 0.9683       | 0.7730    
60         | 0.8448       | 0.9681       | 0.7674    
61         | 0.8450       | 0.9585       | 0.7777    
62         | 0.8303       | 0.9559       | 0.7792    
63         | 0.8258       | 0.9453       | 0.7748    
64         | 0.8208       | 0.9461       | 0.7777    
65         | 0.8136       | 0.9432       | 0.7809    
66         | 0.8129       | 0.9519       | 0.7789    
67         | 0.8098       | 0.9222       | 0.7871    
68         | 0.8091       | 0.9430       | 0.7765    
69         | 0.8017       | 0.9315       | 0.7839    
70         | 0.7997       | 0.9208       | 0.7956    
71         | 0.7871       | 0.9312       | 0.7921    
72         | 0.7928       | 0.9218       | 0.7933    
73         | 0.7862       | 0.9179       | 0.7883    
74         | 0.7788       | 0.9287       | 0.7977    
75         | 0.7700       | 0.9169       | 0.7994    
76         | 0.7796       | 0.9030       | 0.8041    
77         | 0.7694       | 0.9096       | 0.7924    
78         | 0.7648       | 0.9011       | 0.8009    
79         | 0.7585       | 0.9060       | 0.7979    
80         | 0.7598       | 0.9020       | 0.8015    
81         | 0.7552       | 0.9126       | 0.8006    
82         | 0.7501       | 0.9021       | 0.7988    
83         | 0.7474       | 0.9039       | 0.8038    
84         | 0.7430       | 0.8992       | 0.8097    
85         | 0.7389       | 0.8900       | 0.8088    
86         | 0.7369       | 0.8986       | 0.8076    
87         | 0.7326       | 0.8960       | 0.8109    
88         | 0.7267       | 0.8995       | 0.8050    
89         | 0.7239       | 0.9006       | 0.8085    
90         | 0.7246       | 0.9012       | 0.8012    
91         | 0.7221       | 0.8873       | 0.8158    
92         | 0.7103       | 0.8844       | 0.8141    
93         | 0.7086       | 0.8803       | 0.8232    
94         | 0.7062       | 0.8794       | 0.8155    
95         | 0.7074       | 0.8747       | 0.8182    
96         | 0.7069       | 0.8836       | 0.8176    
97         | 0.6987       | 0.8718       | 0.8226    
98         | 0.7003       | 0.8736       | 0.8217    
99         | 0.6962       | 0.8748       | 0.8238    
100        | 0.6890       | 0.8664       | 0.8235    
101        | 0.6886       | 0.8693       | 0.8255    
102        | 0.6782       | 0.8670       | 0.8273    
103        | 0.6780       | 0.8651       | 0.8340    
104        | 0.6800       | 0.8669       | 0.8305    
105        | 0.6754       | 0.8532       | 0.8223    
106        | 0.6705       | 0.8583       | 0.8331    
107        | 0.6656       | 0.8598       | 0.8314    
108        | 0.6649       | 0.8609       | 0.8270    
109        | 0.6680       | 0.8538       | 0.8334    
110        | 0.6687       | 0.8644       | 0.8340    
111        | 0.6570       | 0.8533       | 0.8323    
112        | 0.6549       | 0.8554       | 0.8320    
113        | 0.6551       | 0.8513       | 0.8349    
114        | 0.6478       | 0.8567       | 0.8328    
115        | 0.6549       | 0.8534       | 0.8320    
116        | 0.6460       | 0.8575       | 0.8308    
117        | 0.6441       | 0.8520       | 0.8361    
118        | 0.6451       | 0.8538       | 0.8358    
119        | 0.6437       | 0.8527       | 0.8346    
120        | 0.6377       | 0.8458       | 0.8378    
121        | 0.6376       | 0.8495       | 0.8358    
122        | 0.6343       | 0.8513       | 0.8334    
123        | 0.6374       | 0.8462       | 0.8399    
124        | 0.6301       | 0.8403       | 0.8372    
125        | 0.6333       | 0.8422       | 0.8449    
126        | 0.6301       | 0.8339       | 0.8434    
127        | 0.6280       | 0.8363       | 0.8422    
128        | 0.6286       | 0.8410       | 0.8437    
129        | 0.6287       | 0.8374       | 0.8440    
130        | 0.6236       | 0.8407       | 0.8422    
131        | 0.6198       | 0.8393       | 0.8396    
132        | 0.6233       | 0.8359       | 0.8460    
133        | 0.6221       | 0.8319       | 0.8466    
134        | 0.6196       | 0.8340       | 0.8443    
135        | 0.6193       | 0.8351       | 0.8428    
136        | 0.6233       | 0.8404       | 0.8413    
137        | 0.6213       | 0.8367       | 0.8449    
138        | 0.6154       | 0.8305       | 0.8475    
139        | 0.6146       | 0.8313       | 0.8455    
140        | 0.6162       | 0.8345       | 0.8452    
141        | 0.6130       | 0.8304       | 0.8457    
142        | 0.6151       | 0.8358       | 0.8452    
143        | 0.6139       | 0.8294       | 0.8472    
144        | 0.6181       | 0.8349       | 0.8452    
145        | 0.6156       | 0.8312       | 0.8469    
146        | 0.6116       | 0.8334       | 0.8449    
147        | 0.6164       | 0.8288       | 0.8469    
148        | 0.6131       | 0.8307       | 0.8466    
149        | 0.6130       | 0.8305       | 0.8463    
150        | 0.6155       | 0.8265       | 0.8449    
